
























7
lots
lots
8
2
2
8

lots
13
7
17
5
3
3
4
7
11
lots
6
4
12
2
8
15
4

20
3
3
9
3
4
1
9
41
13


9
3
8

6
7
4
2
NA
4
11
3
8

1
4
2
1

4
7
7
1
13


7
2

3
NA
3
3

1
3


























NA

NA
NA
NA
NA
NA
NA
NA





NA



NA


NA

NA
25
20


1
1
4
1

2
3
3
2
4
5

3

1
1
5
3
2
2
6
14
23
8
5
6

4
2
28
13
8
21

17
2
8
3
4
9
9

11
10
4
12
7
8
12
9
2
13
3
13
15
8
1
3
7
7
4
2
2
1
3
6
3
7

11
17
1
2

NA



3
1
3
2
1
2
2
2
2
2
1
4
4
NA
1
3
1
1
1
2

1
1
2

2
3
1
2


4



3
2
1
1


NA
5


2
3
4
1

1
2
3
2

1

7

7
4
1

3

3

1
23
10
24
11
10

3
6
17
6
3
10
10
17
5
10
4
2
7
4
2
9
17
27
46
1
2
1
2

1
2
2

4

NA
4

1
4
1


1
1
1
2
NA
4
