1
3
7
3


3
10

1


1
3
1

2
1


















7
2


2
2
5
1
2
2
5
6
13
5











1
1





3













9
7
10


39
47
4
2
22
41
40

1
15
29
2
10
5


1

1
4
5


1
23
14
7
6
2
13
41
67
23
4

3
8
3


















































































5




1








3

1
















1









35
453
76
58
12
2

37
31
48
6
19
25

4
40
29
5
4
17
18
2



23
14
16

2

1


20
4
8
5
9
23
31
3
8

1

13



147
175
97
38
50
39
37
66
167
166
72
103
139
4
87
65
94
56
97
43
42
124
11
1
4
14
18
11

26


14
2
46
6
9
8
20
14
29
13
6



1
3
13
2
